Mean Average Precision at 10: 0.4672990467792055
Mean Average Precision at 20: 0.439910224386181
Mean NDCG at 10: 0.5027668642160645
Mean NDCG at 20: 0.5738180360305455
Query     AP@10     AP@20     NDCG@10   NDCG@20   
1         0.6917    0.5707    0.4602    0.6412    
2         0.8611    0.7514    0.5724    0.6812    
4         0.7407    0.7407    0.841     0.841     
8         0.6429    0.6429    0.6781    0.6781    
9         0.3595    0.3595    0.4938    0.4938    
10        0.3333    0.3333    0.6309    0.6309    
12        0.3333    0.3333    0.5089    0.5089    
13        0.5       0.3       0.5       0.6157    
15        0.8667    0.8667    0.9239    0.9239    
18        0.7917    0.7917    0.8262    0.8262    
22        0.5       0.5       0.7857    0.7857    
23        0.6111    0.4983    0.4492    0.5288    
26        0         0         0         0         
27        0.75      0.75      0.6       0.6       
29        0.8333    0.8333    0.9077    0.9077    
31        0.5       0.5       1.0       1.0       
32        1.0       1.0       1.0       1.0       
33        0.25      0.25      0.5       0.5       
34        0.1429    0.1429    0.3562    0.3562    
35        0.6607    0.6399    0.6877    0.8045    
39        0         0.0769    0.0       0.2702    
40        0         0         0         0         
41        0.5533    0.5089    0.4087    0.6008    
49        0.5       0.4048    0.4791    0.6049    
50        0.9444    0.8683    0.8919    0.9504    
51        0.3333    0.3333    0.5089    0.5089    
52        0.1736    0.1736    0.3262    0.3262    
53        0         0         0         0         
54        0.8333    0.8333    0.8307    0.8307    
55        0         0.0833    0.0       0.2789    
56        0         0         0         0         
57        0.3611    0.3611    0.6577    0.6577    
58        0.6389    0.6389    0.8313    0.8313    
59        0.1667    0.1895    0.1383    0.3599    
61        0         0.0526    0.0       0.2354    
62        1.0       1.0       1.0       1.0       
66        0.1964    0.1964    0.3448    0.3448    
67        0         0.0667    0.0       0.256     
68        0.4167    0.3294    0.3448    0.5834    
69        0.25      0.1917    0.2143    0.3605    
71        0.8333    0.6465    0.6229    0.7026    
72        0.2111    0.2316    0.3082    0.3879    
74        0.9167    0.6658    0.4629    0.5975    
79        0         0         0         0         
80        0.3929    0.3119    0.4332    0.544     
81        0.4439    0.4532    0.5033    0.5627    
82        0.4557    0.4801    0.4288    0.5305    
83        0.5556    0.5556    0.7467    0.7467    
84        1.0       1.0       1.0       1.0       
85        1.0       1.0       1.0       1.0       
86        0.7593    0.6916    0.7771    0.7973    
87        0.7292    0.7292    0.8386    0.8386    
93        0.6       0.4838    0.5214    0.6531    
94        0.3333    0.3333    0.6309    0.6309    
95        0.8333    0.4977    0.4731    0.6666    
97        0.45      0.45      0.756     0.756     
98        0.2       0.2       0.4307    0.4307    
99        0.1       0.1673    0.1217    0.3301    
100       0         0.0833    0.0       0.2789    
101       0.6556    0.6556    0.7642    0.7642    
102       0.5833    0.4208    0.4712    0.6329    
103       0         0         0         0         
104       0.1429    0.1429    0.3562    0.3562    
105       1.0       0.55      0.3333    0.4876    
106       0.81      0.7306    0.7043    0.7499    
107       0.2917    0.2917    0.4821    0.4821    
108       1.0       0.9519    0.8157    0.8407    
109       0         0.0588    0.0       0.2447    
110       0         0.05      0.0       0.2314    
111       0         0         0         0         
112       0         0.0588    0.0       0.2447    
113       0.3063    0.3067    0.3245    0.4237    
114       0.7802    0.6866    0.6101    0.6993    
116       0         0.0958    0.0       0.253     
118       1.0       1.0       1.0       1.0       
119       0.3611    0.3611    0.7262    0.7262    
120       0.2897    0.2887    0.374     0.4536    
121       0.5       0.5       0.7262    0.7262    
122       0         0.1099    0.0       0.267     
123       0         0         0         0         
126       0.325     0.325     0.4445    0.4445    
128       1.0       1.0       1.0       1.0       
130       0.2       0.2       0.4307    0.4307    
131       0.85      0.85      0.9152    0.9152    
132       1.0       1.0       1.0       1.0       
133       0.5833    0.5833    0.8155    0.8155    
135       0         0         0         0         
136       0.7802    0.7802    0.746     0.746     
137       0.1111    0.1111    0.1262    0.2701    
138       0.3917    0.3967    0.5961    0.6705    
139       0.425     0.3842    0.411     0.552     
140       0.6968    0.6435    0.7181    0.8072    
141       0.5       0.5       1.0       1.0       
142       0.8444    0.7751    0.7393    0.8119    
143       0.5       0.5       1.0       1.0       
145       0.5418    0.5311    0.6892    0.7371    
146       0.3889    0.3472    0.4782    0.5475    
147       0         0         0         0         
148       0.2917    0.2854    0.2833    0.4217    
149       0.3333    0.2991    0.3251    0.4545    
150       0.8583    0.8583    0.8136    0.8136    
152       1.0       1.0       1.0       1.0       
153       0         0         0         0         
154       0.2667    0.2304    0.3542    0.4437    
155       0.7556    0.7556    0.7325    0.7325    
156       0.5286    0.5286    0.5238    0.5238    
157       0.5       0.4497    0.4721    0.6091    
158       0.8417    0.8123    0.6872    0.7714    
160       0         0         0         0         
161       1.0       1.0       1.0       1.0       
163       0.3873    0.3357    0.419     0.5258    
164       0.5       0.5       1.0       1.0       
165       1.0       0.7167    0.7602    0.8481    
167       0.3333    0.3333    0.6309    0.6309    
168       0.125     0.125     0.3333    0.3333    
169       0.1667    0.1667    0.3869    0.3869    
170       0         0         0         0         
171       0.6       0.6       0.5806    0.5806    
173       1.0       1.0       1.0       1.0       
175       0.6595    0.6052    0.6273    0.6956    
176       0.8042    0.6611    0.7197    0.8246    
177       0.4778    0.4303    0.4179    0.5668    
181       0         0.0839    0.0       0.2442    
182       0         0         0         0         
183       0.725     0.6326    0.6845    0.7569    
184       0.8333    0.8333    0.8155    0.8155    
187       0.3333    0.3333    0.6309    0.6309    
189       0         0         0         0         
190       0.6389    0.5       0.6041    0.7325    
196       0.4333    0.4083    0.5737    0.6678    
200       0.2389    0.3071    0.262     0.4569    
201       0.6458    0.6582    0.4618    0.7243    
202       0.1       0.221     0.0471    0.3411    
203       0.3333    0.3333    0.6309    0.6309    
204       0.7754    0.6409    0.7228    0.8456    
205       1.0       1.0       1.0       1.0       
206       0.325     0.325     0.4653    0.4653    
208       0.125     0.125     0.3333    0.3333    
209       0         0         0         0         
210       0.3611    0.3611    0.6577    0.6577    
211       0.3333    0.2576    0.4206    0.517     
212       0.1667    0.1667    0.3869    0.3869    
213       0.45      0.45      0.7153    0.7153    
214       0.6454    0.5905    0.5782    0.6422    
215       0.6667    0.5714    0.6574    0.7297    
216       0.8333    0.8333    0.9077    0.9077    
217       0.6806    0.5692    0.6277    0.6983    
218       1.0       0.7193    0.6388    0.7516    
219       0.6528    0.5496    0.5909    0.7177    
223       0.5833    0.5833    0.8155    0.8155    
224       0.1       0.1       0.301     0.301     
225       0.1111    0.1111    0.3155    0.3155    
226       0.4861    0.4861    0.6578    0.6578    
227       0.6667    0.6667    0.7547    0.7547    
230       0.75      0.5909    0.6052    0.6752    
231       0.8734    0.7329    0.7205    0.8645    
232       0.5772    0.5517    0.5269    0.7137    
233       0.6528    0.5991    0.409     0.508     
234       0.325     0.325     0.4604    0.4604    
241       0.5       0.5       1.0       1.0       
245       1.0       1.0       1.0       1.0       
246       0.425     0.3957    0.571     0.611     
247       0.3667    0.3667    0.5308    0.5308    
250       0.4667    0.4022    0.43      0.5683    
251       0.5       0.5       0.75      0.75      
252       0         0.0625    0.0       0.25      
253       0.5       0.5       0.7       0.7       
254       0.1111    0.1111    0.3155    0.3155    
255       0.45      0.3833    0.5438    0.6498    
257       0.8042    0.7267    0.6341    0.7199    
259       0.5889    0.5889    0.7023    0.7023    
261       0.7708    0.7708    0.6385    0.6385    
264       0.5833    0.5833    0.8155    0.8155    
265       0.2667    0.2667    0.466     0.466     
266       0         0.0909    0.0       0.2891    
267       0         0.1288    0.0       0.287     
268       0.7167    0.7167    0.6812    0.6812    
269       0.7       0.45      0.2205    0.4081    
272       0.5       0.3833    0.5701    0.6581    
273       0.6389    0.4997    0.534     0.7247    
274       0.7       0.7       0.7723    0.7723    
275       0.5833    0.5833    0.7232    0.7232    
277       0.8179    0.7031    0.4769    0.6705    
283       0.6667    0.5833    0.5447    0.652     
284       0.6829    0.627     0.5565    0.7121    
285       0.4155    0.4093    0.4917    0.5675    
288       0.25      0.2436    0.3186    0.4098    
291       0.8254    0.7503    0.8548    0.911     
292       0.1667    0.1657    0.147     0.3427    
293       0.6944    0.6944    0.7033    0.7033    
294       0.7679    0.5816    0.5113    0.7318    
295       0.8056    0.8056    0.81      0.81      
296       0.9617    0.8971    0.8941    0.9363    
297       0         0.0973    0.0       0.2549    
298       0         0.0556    0.0       0.2398    
299       0.5317    0.4897    0.5371    0.6619    
300       0.75      0.5769    0.5508    0.6625    
301       0.3407    0.3407    0.5667    0.5667    
303       0.2       0.1769    0.2153    0.3505    
304       0.3333    0.2167    0.3155    0.4312    
306       0.7071    0.6183    0.6782    0.7506    
314       0.5139    0.5139    0.7763    0.7763    
315       0.25      0.2205    0.1597    0.415     
316       0.1429    0.1429    0.3562    0.3562    
317       0.4167    0.4167    0.6934    0.6934    
321       0.225     0.225     0.382     0.382     
323       0.3333    0.3333    0.6309    0.6309    
327       0.6569    0.6569    0.7453    0.7453    
331       0.1       0.1346    0.1354    0.3046    
332       0.8333    0.8333    0.8524    0.8524    
333       0.1429    0.1623    0.2375    0.3338    
335       0.8819    0.8185    0.7909    0.8439    
336       0.6226    0.5865    0.4538    0.6527    
338       0.3333    0.3333    0.6309    0.6309    
339       0         0.0714    0.0       0.2626    
340       0         0         0         0         
347       0.6215    0.5306    0.44      0.5777    
348       0.2917    0.2485    0.2652    0.4409    
349       0         0         0         0         
352       0.45      0.3458    0.4145    0.578     
353       0.5889    0.5083    0.5951    0.6936    
355       0.8259    0.7615    0.7311    0.844     
356       0.8333    0.627     0.6199    0.7197    
360       0.1429    0.1214    0.1781    0.2938    
365       0.5833    0.4514    0.6626    0.747     
